0,0,0,0,0,0,0,0,128,0
0,0,0,0,0,0,0,0,129,0
0,0,0,0,0,0,0,0,130,0
0,0,131,132,133,0,0,0,134,0
0,131,135,132,135,133,0,0,136,0
0,47,137,29,138,33,0,0,139,0
0,0,140,141,140,0,0,0,142,0
0,0,143,143,143,0,0,0,144,0
0,0,0,0,0,0,145,0,146,0
0,0,0,0,0,0,0,0,147,0
_
0,1,2,0,0,0,0,0,3,4
0,1,2,0,0,0,0,5,1,2
6,7,8,6,6,6,6,6,9,2
0,0,10,11,12,13,0,0,1,2
0,10,14,15,15,16,13,17,1,2
10,14,18,19,20,21,16,13,1,2
22,23,24,24,24,24,25,26,1,2
0,27,28,29,29,28,30,0,1,2
0,0,31,32,32,31,0,33,1,2
6,6,8,6,6,8,6,6,34,35
_
50,51,52,53,54,55,56,50,57,54
58,54,59,60,0,61,61,51,62,63
55,64,61,65,66,61,61,61,64,51
56,57,51,61,60,67,67,0,55,54
50,54,68,69,55,56,70,50,57,71
_
72,72,73,73,74,75,76,77,78,79,80,81,82,83,83,82,82,82,82,82
72,72,73,73,84,85,86,87,88,89,90,91,82,82,82,82,82,82,82,82
92,93,94,95,96,97,98,99,100,101,102,91,82,82,82,82,82,82,82,82
103,104,105,106,107,107,108,109,110,111,112,113,113,113,113,113,113,113,113,113
111,111,111,111,111,111,114,109,115,116,111,111,111,111,111,111,111,111,111,111
111,111,111,111,111,111,117,109,115,118,118,118,118,118,118,118,118,118,118,118
118,118,118,118,118,118,117,109,115,118,118,118,118,118,118,118,118,118,118,118
118,118,118,118,118,118,117,109,115,118,118,118,118,118,118,118,118,118,118,118
118,118,118,118,118,118,117,109,119,120,120,120,120,120,120,120,120,120,120,120
121,121,121,121,121,121,122,122,123,124,124,124,124,124,124,124,124,124,124,124
122,122,122,122,122,122,122,122,122,121,121,121,121,121,121,121,121,121,121,121
125,125,125,125,125,125,125,125,125,125,125,125,125,125,125,125,125,125,125,125
118,118,118,118,118,118,118,118,118,118,118,118,118,118,118,118,118,118,118,118
0,0,0,0,0,0,0,0,0,0,0,0,0,0,0,0,0,0,0,0
0,0,0,0,0,0,0,0,0,0,0,0,0,0,0,0,0,0,0,0
0,0,0,0,0,0,0,0,0,0,0,0,0,0,0,0,0,0,0,0
0,0,0,0,0,0,0,0,0,0,0,0,0,0,0,0,0,0,0,0
0,0,0,0,0,0,0,0,0,0,0,0,0,0,0,0,0,0,0,0
0,0,0,0,0,0,0,0,0,0,0,0,0,0,0,0,0,0,0,0
0,0,0,0,0,0,0,0,0,0,0,0,0,0,0,0,0,0,0,0
_
