1,0,0,2,3,4,5,6,0,0
7,0,0,8,9,10,11,12,0,0
0,0,0,0,0,0,0,0,0,0
13,14,15,16,17,18,19,20,0,0
21,0,0,0,0,0,0,22,0,0
23,0,0,0,0,0,0,24,0,0
25,0,0,0,0,0,0,26,0,0
27,0,0,0,0,0,0,28,0,0
29,30,0,31,32,0,33,34,0,0
0,0,0,0,0,0,35,0,0,0
_
0,0,0,0,0,0,0,0,0,0
0,0,0,0,0,0,0,0,0,0
0,0,0,0,0,0,0,0,0,0
0,0,0,0,0,0,0,0,0,0
0,0,0,0,0,0,0,0,0,0
_
0,0,0,0,0,0,0,0,0,0
0,0,0,0,0,0,0,0,0,0
0,0,0,0,0,0,0,0,0,0
0,0,0,0,0,0,0,0,0,0
0,0,0,0,0,0,0,0,0,0
0,0,0,0,0,0,0,0,0,0
0,0,0,0,0,0,0,0,0,0
0,0,0,0,0,0,0,0,0,0
0,0,0,0,0,0,0,0,0,0
0,0,0,0,0,0,0,0,0,0
_
-
0 1 0 0 0 0 0 0 0 0 0 32 32 32 32 blank.png 0 - - 
0 1 0 0 0 0 0 0 0 0 0 32 32 32 32 blank.png 0 - - 
0 0 1 0 0 0 0 0 0 0 30 32 32 736 928 allSprites.png 374,375,376,375 - - 
0 0 1 0 0 0 0 0 0 0 30 32 32 736 928 allSprites.png 374,375,376,375 - - 
0 0 1 0 0 0 0 0 0 0 30 32 32 736 928 allSprites.png 374,375,376,375 - - 
0 1 0 0 0 0 0 0 0 0 0 32 32 32 32 blank.png 0 - - 
0 1 0 0 0 0 0 0 0 0 0 32 32 32 32 blank.png 0 - - 
0 1 0 0 0 0 0 0 0 0 0 32 32 32 32 blank.png 0 - - 
0 1 0 0 0 0 0 0 0 0 0 32 32 32 32 blank.png 0 - - 
0 1 0 0 0 0 0 0 0 0 0 32 32 32 32 blank.png 0 - - 
0 1 0 0 0 0 0 0 0 0 0 32 32 32 32 blank.png 0 - - 
0 1 0 0 0 0 0 0 0 0 0 32 32 32 32 blank.png 0 - - 
0 1 0 0 0 0 0 0 0 0 0 32 32 32 32 blank.png 0 - - 
0 1 0 0 0 0 0 0 0 0 0 32 32 32 32 blank.png 0 - - 
0 1 0 0 0 0 0 0 0 0 0 32 32 32 32 blank.png 0 - - 
0 1 0 0 0 0 0 0 0 0 0 32 32 32 32 blank.png 0 - - 
0 1 0 0 0 0 0 0 0 0 0 32 32 32 32 blank.png 0 - - 
0 1 0 0 0 0 0 0 0 0 0 32 32 32 32 blank.png 0 - - 
0 1 0 0 0 0 0 0 0 0 0 32 32 32 32 blank.png 0 - - 
0 1 0 0 0 0 0 0 0 0 0 32 32 32 32 blank.png 0 - - 
0 1 0 0 0 0 0 0 0 0 0 32 32 32 32 blank.png 0 - - 
0 1 0 0 0 0 0 0 0 0 0 32 32 32 32 blank.png 0 - - 
0 1 0 0 0 0 0 0 0 0 0 32 32 32 32 blank.png 0 - - 
0 1 0 0 0 0 0 0 0 0 0 32 32 32 32 blank.png 0 - - 
0 1 0 0 0 0 0 0 0 0 0 32 32 32 32 blank.png 0 - - 
0 1 0 0 0 0 0 0 0 0 0 32 32 32 32 blank.png 0 - - 
0 1 0 0 0 0 0 0 0 0 0 32 32 32 32 blank.png 0 - - 
0 1 0 0 0 0 0 0 0 0 0 32 32 32 32 blank.png 0 - - 
0 1 0 0 0 0 0 0 0 0 0 32 32 32 32 blank.png 0 - - 
0 1 0 0 0 0 0 0 0 0 0 32 32 32 32 blank.png 0 - - 
0 1 0 0 0 0 0 0 0 0 0 32 32 32 32 blank.png 0 - - 
0 1 0 0 0 0 0 0 0 0 0 32 32 32 32 blank.png 0 - - 
0 1 0 0 0 0 0 0 0 0 0 32 32 32 32 blank.png 0 - - 
0 1 0 0 0 0 0 0 0 0 0 32 32 32 32 blank.png 0 - - 
0 1 0 0 1 0 0 0 0 0 38 32 32 96 128 player.png 0,1,2,3,4,5,6,7,8,9,10,11 - - 
